1 1 0  -2.00000000000E-001 -1.30104260698E-018  4.33680868994E-019  1.72092448109E-003  3.38827507918E-005  8.72552751680E-005  1.36946819083E+003  2.69630364011E+001  6.94355418485E+001  1.42176941145E+000 -1.63119796963E+000 -1.52204061636E+000  1.02544596736E-001  4.87005943369E-003  3.47919116042E-001
1 1 1  -1.98000000000E-001 -1.62630325873E-018 -6.50521303491E-019  1.85005500123E-003  3.10008243139E-005  1.15154415747E-004  1.47222699387E+003  2.46696721756E+001  9.16369725297E+001  1.67982854321E+000 -1.93794983363E+000 -1.80242176093E+000  1.06787386830E-001  1.71432250843E-002  4.69535344708E-001
1 1 2  -1.96000000000E-001 -3.36102673471E-018 -6.50521303491E-019  1.97918552136E-003  2.81188978360E-005  1.43053556326E-004  1.57498579691E+003  2.23763079501E+001  1.13838403211E+002  1.93788767496E+000 -2.24470169764E+000 -2.08280290551E+000  1.11030176924E-001  2.94163907350E-002  5.91151573374E-001
1 1 3  -1.94000000000E-001 -1.78893358460E-018 -2.16840434497E-019  2.10831604150E-003  2.52369713582E-005  1.70952696905E-004  1.67774459994E+003  2.00829437246E+001  1.36039833892E+002  2.19594680671E+000 -2.55145356164E+000 -2.36318405008E+000  1.15272967018E-001  4.16895563856E-002  7.12767802040E-001
1 1 4  -1.92000000000E-001 -4.33680868994E-019 -8.67361737988E-019  2.23146873654E-003  2.40807769051E-005  1.88951995797E-004  1.77574640090E+003  1.91628734116E+001  1.50363220863E+002  2.44389162861E+000 -2.84309530435E+000 -2.63320729681E+000  1.25113628180E-001  4.90084106180E-002  7.89623753242E-001
1 1 5  -1.90000000000E-001 -2.81892564846E-018  0.00000000000E+000  2.34038320277E-003  2.70350017115E-005  1.83371446050E-004  1.86241777938E+003  2.15137708190E+001  1.45922360471E+002  2.66774577282E+000 -3.09874714089E+000 -2.87855967797E+000  1.48287528059E-001  4.45268828797E-002  7.59867841240E-001
1 1 6  -1.88000000000E-001 -1.08420217249E-018 -4.33680868994E-019  2.44929766900E-003  2.99892265180E-005  1.77790896303E-004  1.94908915785E+003  2.38646682265E+001  1.41481500079E+002  2.89159991703E+000 -3.35439897743E+000 -3.12391205913E+000  1.71461427938E-001  4.00453551414E-002  7.30111929237E-001
1 1 7  -1.86000000000E-001 -2.16840434497E-019 -4.33680868994E-019  2.55821213523E-003  3.29434513244E-005  1.72210346556E-004  2.03576053633E+003  2.62155656339E+001  1.37040639686E+002  3.11545406124E+000 -3.61005081398E+000 -3.36926444029E+000  1.94635327817E-001  3.55638274031E-002  7.00356017235E-001
1 1 8  -1.84000000000E-001  4.33680868994E-019 -4.33680868994E-019  2.66712660146E-003  3.58976761309E-005  1.66629796809E-004  2.12243191480E+003  2.85664630414E+001  1.32599779294E+002  3.33930820545E+000 -3.86570265052E+000 -3.61461682145E+000  2.17809227696E-001  3.10822996648E-002  6.70600105232E-001
1 1 9  -1.82000000000E-001 -1.30104260698E-018 -4.33680868994E-019  2.77604106770E-003  3.88519009374E-005  1.61049247062E-004  2.20910329327E+003  3.09173604488E+001  1.28158918902E+002  3.56316234966E+000 -4.12135448706E+000 -3.85996920261E+000  2.40983127575E-001  2.66007719265E-002  6.40844193230E-001
1 1 10  -1.80000000000E-001 -2.60208521397E-018  8.67361737988E-019  2.88495553393E-003  4.18061257438E-005  1.55468697315E-004  2.29577467175E+003  3.32682578563E+001  1.23718058510E+002  3.78701649387E+000 -4.37700632361E+000 -4.10532158377E+000  2.64157027455E-001  2.21192441882E-002  6.11088281227E-001
1 1 11  -1.78000000000E-001 -1.73472347598E-018 -8.67361737988E-019  2.99387000016E-003  4.47603505503E-005  1.49888147568E-004  2.38244605022E+003  3.56191552637E+001  1.19277198118E+002  4.01087063808E+000 -4.63265816015E+000 -4.35067396493E+000  2.87330927334E-001  1.76377164498E-002  5.81332369225E-001
1 1 12  -1.76000000000E-001  2.16840434497E-019 -8.67361737988E-019  3.10278446639E-003  4.77145753567E-005  1.44307597821E-004  2.46911742870E+003  3.79700526712E+001  1.14836337726E+002  4.23472478229E+000 -4.88830999669E+000 -4.59602634609E+000  3.10504827213E-001  1.31561887115E-002  5.51576457223E-001
1 1 13  -1.74000000000E-001 -1.73472347598E-018  0.00000000000E+000  3.21169893262E-003  5.06688001632E-005  1.38727048074E-004  2.55578880717E+003  4.03209500786E+001  1.10395477334E+002  4.45857892651E+000 -5.14396183324E+000 -4.84137872725E+000  3.33678727092E-001  8.67466097322E-003  5.21820545220E-001
1 1 14  -1.72000000000E-001 -1.73472347598E-018  0.00000000000E+000  3.32061339886E-003  5.36230249696E-005  1.33146498327E-004  2.64246018564E+003  4.26718474860E+001  1.05954616942E+002  4.68243307072E+000 -5.39961366978E+000 -5.08673110841E+000  3.56852626971E-001  4.19313323491E-003  4.92064633218E-001
1 1 15  -1.70000000000E-001  1.62630325873E-018 -1.40946282423E-018  3.60288881615E-003  6.57836624245E-006  1.59837787397E-004  2.86708782578E+003  5.23489753075E+000  1.27194869931E+002  5.77802586717E+000 -6.57057094687E+000 -6.30920603632E+000 -4.16286501472E-002 -5.94117261269E-002  6.94169610364E-001
1 1 16  -1.68000000000E-001  2.16840434497E-019 -2.71050543121E-019  3.96537749686E-003 -6.36005311369E-005  2.01461098307E-004  3.15554715286E+003 -5.06116946264E+001  1.60317648365E+002  7.27696787060E+000 -8.16503557063E+000 -7.98379078331E+000 -6.35207713539E-001 -1.50372661605E-001  1.00355548590E+000
1 1 17  -1.66000000000E-001  0.00000000000E+000 -1.08420217249E-018  4.32786617756E-003 -1.33779428516E-004  2.43084409218E-004  3.44400647993E+003 -1.06458286784E+002  1.93440426799E+002  8.77590987404E+000 -9.75950019438E+000 -9.65837553031E+000 -1.22878677693E+000 -2.41333597084E-001  1.31294136143E+000
1 1 18  -1.64000000000E-001 -4.33680868994E-019  2.16840434497E-019  4.69035485827E-003 -2.03958325896E-004  2.84707720128E-004  3.73246580701E+003 -1.62304878941E+002  2.26563205233E+002  1.02748518775E+001 -1.13539648181E+001 -1.13329602773E+001 -1.82236584032E+000 -3.32294532562E-001  1.62232723696E+000
1 1 19  -1.62000000000E-001 -3.46944695195E-018  2.27682456222E-018  5.06946555218E-003 -2.52272231945E-004  3.25420323694E-004  4.03415251193E+003 -2.00751863824E+002  2.58961265788E+002  1.19205863480E+001 -1.31058093275E+001 -1.32099084030E+001 -2.19238427559E+000 -4.08265639388E-001  1.93624323390E+000
1 1 20  -1.60000000000E-001 -2.60208521397E-018  1.08420217249E-018  5.56477861799E-003 -1.47730775495E-004  3.59766288497E-004  4.42831012639E+003 -1.17560415969E+002  2.86292916188E+002  1.45925282125E+001 -1.59578765215E+001 -1.65015530696E+001 -9.99518905491E-001 -3.79444768116E-001  2.28182873123E+000
1 1 21  -1.58000000000E-001 -8.67361737988E-019  4.33680868994E-019  6.06009168380E-003 -4.31893190448E-005  3.94112253301E-004  4.82246774085E+003 -3.43689681131E+001  3.13624566588E+002  1.72644700770E+001 -1.88099437156E+001 -1.97931977361E+001  1.93346464605E-001 -3.50623896844E-001  2.62741422856E+000
1 1 22  -1.56000000000E-001 -4.33680868994E-018  6.50521303491E-019  6.55540474962E-003  6.13521374055E-005  4.28458218104E-004  5.21662535531E+003  4.88224797424E+001  3.40956216988E+002  1.99364119415E+001 -2.16620109096E+001 -2.30848424027E+001  1.38621183470E+000 -3.21803025571E-001  2.97299972588E+000
1 1 23  -1.54000000000E-001 -3.46944695195E-018  2.16840434497E-019  7.05181506651E-003  1.23080802643E-004  3.76792481655E-004  5.61165613444E+003  9.79445908137E+001  2.99841930219E+002  2.26109211498E+001 -2.47003922088E+001 -2.62304201679E+001  2.08035680914E+000 -2.42713246402E-001  2.58637065771E+000
1 1 24  -1.52000000000E-001 -2.60208521397E-018  4.33680868994E-019  7.55019565669E-003  1.07932898719E-004  1.70680274589E-004  6.00825480723E+003  8.58902718647E+001  1.35823047101E+002  2.52900403956E+001 -2.80733274764E+001 -2.91137136499E+001  1.87897706062E+000 -7.33583603533E-002  8.84944256960E-001
1 1 25  -1.50000000000E-001 -4.33680868994E-019  1.84314369323E-018  8.05701994598E-003  3.62683973311E-005  2.72617719637E-005  6.41157276229E+003  2.88614735993E+001  2.16942288522E+001  2.77548009577E+001 -3.21604268119E+001 -3.15066177364E+001  1.04610739855E+000  2.40378230605E-001 -1.22762582908E-001
1 1 26  -1.48000000000E-001  2.38524477947E-018  1.19262238973E-018  8.58184536704E-003 -1.55883902673E-004  1.75000493671E-005  6.82921556287E+003 -1.24048468436E+002  1.39260968215E+001  2.97625699975E+001 -3.77700533389E+001 -3.28540601109E+001 -1.13303633075E+000  8.61922342998E-001  3.48472100591E-001
1 1 27  -1.46000000000E-001  1.72794721240E-019 -9.52065032714E-019  9.12584137250E-003 -3.46576823194E-004  1.06203281121E-005  7.26211382983E+003 -2.75797073177E+002  8.45138859115E+000  3.20352328752E+001 -4.35778651181E+001 -3.44917325269E+001 -3.32324904025E+000  1.45121582032E+000  9.04187965288E-001
1 1 28  -1.44000000000E-001 -1.40946282423E-018  6.50521303491E-019  1.08696989397E-002 -4.45929109090E-004  1.84121264897E-004  8.64983159074E+003 -3.54859110306E+002  1.46519047350E+002  5.08872512542E+001 -6.17898301171E+001 -5.42945199615E+001 -6.20625460371E+000  2.19846385560E-002  6.74746939630E+000
1 1 29  -1.42000000000E-001 -3.82181265801E-018 -1.30104260698E-018  1.25972170894E-002 -5.33742843867E-004  3.43531881040E-004  1.00245468563E+004 -4.24739060192E+002  2.73373985198E+002  6.94767552442E+001 -7.98821706271E+001 -7.38320927563E+001 -8.88574984663E+000 -1.41599121687E+000  1.22556323671E+001
1 1 30  -1.40000000000E-001 -5.55653613399E-019  1.08420217249E-018  1.38115484622E-002 -2.59154928736E-004  6.03951274131E-005  1.09908810601E+004 -2.06228939910E+002  4.80609153872E+001  7.98212337745E+001 -9.42173572519E+001 -8.50398308893E+001 -5.17341346503E+000 -3.12861890085E+000  7.23842853354E+000
1 1 31  -1.38000000000E-001 -1.82281490249E-018  0.00000000000E+000  1.50258798350E-002  1.54329863958E-005 -2.22741626214E-004  1.19572152639E+004  1.22811803718E+001 -1.77252154424E+002  9.01657123049E+001 -1.08552543877E+002 -9.62475690223E+001 -1.46107708344E+000 -4.84124658483E+000  2.22122470001E+000
1 1 32  -1.36000000000E-001  4.33680868994E-019 -4.33680868994E-019  1.70960975816E-002  2.11581192281E-004 -3.54655040316E-004  1.36046422040E+004  1.68370963277E+002 -2.82225514116E+002  1.16007743671E+002 -1.34988624973E+002 -1.27506436054E+002  2.47872689703E+000 -3.36497976756E+000 -1.69955629429E+000
1 1 33  -1.34000000000E-001 -2.16840434497E-019  0.00000000000E+000  2.00680878901E-002  4.60707336158E-004 -2.59681119139E-004  1.59696769488E+004  3.66619249760E+002 -2.06647668929E+002  1.58988586641E+002 -1.74865181326E+002 -1.80036071141E+002  9.71779591742E+000  1.37656240791E+000 -2.97948028785E+000
1 1 34  -1.32000000000E-001  5.14996031931E-019  5.42101086243E-020  2.33265283140E-002  5.60973887071E-004 -6.23575626237E-005  1.85626614529E+004  4.46408835874E+002 -4.96225717103E+001  2.13835665046E+002 -2.28601629348E+002 -2.42451241040E+002  1.16895691722E+001  4.94781858864E+000 -8.32437523721E-001
1 1 35  -1.30000000000E-001  0.00000000000E+000 -1.62630325873E-019  2.75756606263E-002  2.41346651225E-005  4.17563056893E-004  2.19440135136E+004  1.92057562926E+001  3.32286123165E+002  3.15584362297E+002 -3.40898300312E+002 -3.41724281990E+002 -8.73003480468E+000  3.73946124880E+000  1.33668423507E+001
1 1 36  -1.28000000000E-001 -1.30104260698E-018  0.00000000000E+000  3.38174152942E-002  3.61826839174E-004 -3.28714086550E-004  2.69110440641E+004  2.87932650318E+002 -2.61582358991E+002  4.78033566187E+002 -5.43212885887E+002 -5.11892697912E+002  1.81626544979E+001 -6.31997096767E+000 -1.42897526164E+001
1 1 37  -1.26000000000E-001  4.33680868994E-019  4.33680868994E-019  4.15807979535E-002  1.07180065140E-003 -5.23659995745E-004  3.30889476978E+004  8.52911859369E+002 -4.16715384588E+002  7.41644155027E+002 -8.34029033630E+002 -7.87131657482E+002  5.95869665351E+001 -4.24986424873E+000 -2.03040581136E+001
1 1 38  -1.24000000000E-001  4.33680868994E-019  5.42101086243E-020  5.07741036502E-002  6.15487241207E-004 -1.56479379269E-003  4.04047479311E+004  4.89789184800E+002 -1.24522333656E+003  1.11617150272E+003 -1.21894975852E+003 -1.16731036311E+003  1.95521291365E+001  3.92897169079E+000 -8.95371382294E+001
1 1 39  -1.22000000000E-001  4.68409219832E-019  1.35525271561E-019  5.98946841774E-002  1.21354635586E-004 -2.37983380478E-003  4.76626753132E+004  9.65709507136E+001 -1.89381157100E+003  1.48484119041E+003 -1.60685953054E+003 -1.54131456403E+003 -2.23855266023E+001  1.08621986387E+001 -1.43245459652E+002
1 1 40  -1.20000000000E-001 -1.08420217249E-019  5.42101086243E-020  7.95335715144E-002 -9.97194868919E-004 -1.17005478725E-005  6.32908053137E+004 -7.93542463978E+002 -9.31100016458E+000  2.78462130602E+003 -3.02879641797E+003 -2.84776118563E+003 -1.20070969482E+002  2.66263366638E+000  8.74894724200E+001
1 1 41  -1.18000000000E-001 -4.87890977618E-019 -2.71050543121E-020  1.02871190939E-001 -2.08388971479E-003  4.30709230540E-004  8.18622927920E+004 -1.65830674673E+003  3.42747515770E+002  4.36875272356E+003 -4.84173532436E+003 -4.44772999716E+003 -2.28203349377E+002 -1.07213771912E+001  1.14272402349E+002
1 1 42  -1.16000000000E-001  5.42101086243E-020  1.62630325873E-019  1.45840537901E-001 -2.61986127922E-003 -7.68485771756E-003  1.16056212684E+005 -2.08481936640E+003 -6.11541547053E+003  8.86299217677E+003 -1.10288741185E+004 -8.99617452015E+003 -3.93749551668E+002  6.58912183451E+001 -1.25909865444E+003
1 1 43  -1.14000000000E-001  5.92923063078E-020 -1.21972744405E-019  1.99000028175E-001 -1.75574067358E-003  7.48228494984E-003  1.58359190978E+005 -1.39717403653E+003  5.95421318375E+003  1.50883901266E+004 -1.98547543665E+004 -1.52726457243E+004 -2.91537438430E+002  1.25166668906E+002  1.40979920407E+003
1 1 44  -1.12000000000E-001  1.45689666928E-019  5.42101086243E-020  3.63673057773E-001 -9.10118103188E-005  1.75385602855E-003  2.89401824401E+005 -7.24248975427E+001  1.39567428367E+003  5.50534852793E+004 -6.06243546729E+004 -5.53618310506E+004 -2.27390695649E+001  1.10102617312E+002 -1.53637502364E+003
1 1 45  -1.10000000000E-001  1.53750854253E-020  5.32909778185E-020  6.49059065634E-001 -6.21287831659E-004 -1.99108063295E-005 -4.20355635436E+005 -4.49549731851E+002 -1.44070062059E+001  1.52248165889E+005 -1.56066069936E+005 -1.52491771560E+005 -2.11625752886E+002 -5.82066225968E+001  4.49717581183E+002
1 1 46  -1.08000000000E-001  4.06575814682E-020 -1.08420217249E-019  8.36974115649E-001  2.36603375159E-003  5.24582336737E-003 -2.84384582986E+005  1.71200816172E+003  3.79575837151E+003  2.55168634284E+005 -2.57355859685E+005 -2.55324312909E+005  1.41304978551E+003  1.24165445305E+002  2.35379234547E+003
1 1 47  -1.06000000000E-001  5.42101086243E-020 -1.08420217249E-019  9.91768171295E-001  7.65338189080E-005  7.10926387581E-004 -1.72379128087E+005  5.53781291285E+001  5.14410150364E+002  3.55918916327E+005 -3.56434271936E+005 -3.55974603268E+005  6.43936415079E+001  3.37047172083E+000  5.36896165627E+002
1 1 48  -1.04000000000E-001  2.32934060495E-021  6.85302593888E-020  1.06676996405E+000 -2.04140891060E-004  9.11036768201E-004 -1.18109538210E+005 -1.47711701661E+002  6.59205466421E+002  4.11817181549E+005 -4.11920092275E+005 -4.11824508757E+005 -1.61632336320E+002  4.67963687234E-001  6.37542511243E+002
1 1 49  -1.02000000000E-001  0.00000000000E+000 -5.42101086243E-020  1.10910421931E+000 -3.61974062600E-004 -9.66569708066E-004 -8.74774348119E+004 -2.61916191637E+002 -6.99387837543E+002  4.45047006104E+005 -4.45110561394E+005 -4.45054652646E+005 -2.89392619668E+002 -2.91053033426E+000 -7.56048858077E+002
1 1 50  -1.00000000000E-001  5.42101086243E-020 -5.42101086243E-020  1.13658104000E+000  1.54155028866E-004  3.88227128977E-006 -6.75958328430E+004  1.11543069667E+002  2.80912312837E+000  4.67375096055E+005 -4.67398565255E+005 -4.67378805619E+005  1.30445162636E+002 -1.17621664058E+000 -2.73991328707E+000
1 1 51  -9.80000000000E-002 -5.42101086243E-020  2.71050543121E-020  1.15602407318E+000 -2.45378539868E-005  1.23984688899E-004 -5.35272966428E+004 -1.77550325595E+001  8.97124984713E+001  4.83498881827E+005 -4.83505662224E+005 -4.83501686646E+005 -2.04172873944E+001 -1.98668284409E-001  9.99817686795E+001
1 1 52  -9.60000000000E-002  0.00000000000E+000 -1.35525271561E-019  1.16940942134E+000  9.14632766989E-005 -2.26329454775E-005 -4.38419634203E+004  6.61807449284E+001 -1.63766841260E+001  4.94755455554E+005 -4.94758514053E+005 -4.94757759170E+005  7.88438705770E+001 -3.46014341231E-001 -1.90039776173E+001
1 1 53  -9.40000000000E-002  0.00000000000E+000  2.03287907341E-020  1.17982014780E+000 -1.34760185047E-005 -1.25158467475E-004 -3.63089987471E+004 -9.75094021885E+000 -9.05618179290E+001  5.03601525055E+005 -5.03603724387E+005 -5.03602490794E+005 -1.15539903199E+001  1.46639718345E-001 -1.06955494004E+002
1 1 54  -9.20000000000E-002 -1.76182853029E-019 -2.04981973236E-019  1.18766858045E+000  7.48780532753E-005  5.69200897065E-005 -3.06300515421E+004  5.41800548089E+001  4.11860811697E+001  5.10323554625E+005 -5.10325507610E+005 -5.10324156651E+005  6.43865203707E+001 -3.16886929306E-001  4.87653215268E+001
1 1 55  -9.00000000000E-002  0.00000000000E+000 -6.09863722023E-020  1.19352314766E+000  1.05711684218E-004  1.44392511161E-004 -2.63938199871E+004  7.64905682556E+001  1.04479134092E+002  5.15367012058E+005 -5.15367571544E+005 -5.15367414193E+005  9.14198186954E+001 -6.74349334291E-002  1.24662104061E+002
1 1 56  -8.80000000000E-002  6.33157128073E-020  5.20925262561E-020  1.19839261674E+000  1.25287788363E-004  2.47564576793E-005 -2.28703830094E+004  9.06553915798E+001  1.79132092151E+001  5.19581103693E+005 -5.19581712354E+005 -5.19581376832E+005  1.08427050405E+002  1.65888068137E-001  2.12802321175E+001
1 1 57  -8.60000000000E-002 -8.13151629364E-020  8.13151629364E-020  1.20206879016E+000  5.11075022228E-005  4.35720442464E-005 -2.02103876071E+004  3.69802251856E+001  3.15277393327E+001  5.22773657003E+005 -5.22774076088E+005 -5.22773847425E+005  4.44586806598E+001 -2.73745464983E-002  3.80800061067E+001
1 1 58  -8.40000000000E-002  6.77626357803E-021  0.00000000000E+000  1.20525104115E+000  3.99878240681E-005 -3.64726155212E-005 -1.79077832342E+004  2.89342792037E+001 -2.63907543202E+001  5.25545352916E+005 -5.25545529269E+005 -5.25545489206E+005  3.48273002834E+001  3.05556830790E-004 -3.17755762465E+001
1 1 59  -8.20000000000E-002  5.42101086243E-020 -5.42101086243E-020  1.20778223372E+000  4.89076323414E-005 -4.94944667088E-005 -1.60762699084E+004  3.53884494178E+001 -3.58130694072E+001  5.27754800834E+005 -5.27754936733E+005 -5.27754962818E+005  4.27929399960E+001  3.10364314429E-002 -4.32486430521E+001
1 1 60  -8.00000000000E-002 -1.08420217249E-019 -9.82558218815E-020  1.21001924443E+000  5.85451758508E-005 -3.81232430133E-005 -1.44576198861E+004  4.23619565099E+001 -2.75851107982E+001  5.29711559540E+005 -5.29711683651E+005 -5.29711648533E+005  5.12269304271E+001 -2.03585045803E-002 -3.33562338589E+001
1 1 61  -7.80000000000E-002  2.71050543121E-020  2.13452302708E-019  1.21167442383E+000  4.57120432141E-005 -2.98381310174E-005 -1.32599697490E+004  3.30761938703E+001 -2.15901923622E+001  5.31161840906E+005 -5.31161898817E+005 -5.31161892613E+005  4.00847580250E+001  3.01140919517E-003 -2.61352922916E+001
1 1 62  -7.60000000000E-002  0.00000000000E+000 -4.40457132572E-020  1.21305226128E+000  4.36091570774E-005 -1.36225290004E-005 -1.22629979382E+004  3.15545933324E+001 -9.85695187836E+000  5.32370459093E+005 -5.32370492740E+005 -5.32370491276E+005  3.82910448406E+001 -5.95143707892E-003 -1.19778270095E+001
1 1 63  -7.40000000000E-002 -7.11507675694E-020  3.38813178902E-021  1.21415097704E+000  2.10566501276E-005 -1.71782092097E-005 -1.14679922268E+004  1.52361126939E+001 -1.24297611354E+001  5.33335256733E+005 -5.33335277031E+005 -5.33335286255E+005  1.84962252530E+001  3.44335926360E-003 -1.50900743989E+001
1 1 64  -7.20000000000E-002  5.42101086243E-020  2.71050543121E-020  1.21506659578E+000  1.95532950418E-005 -5.95757565167E-006 -1.08054713494E+004  1.41483191766E+001 -4.31076612194E+000  5.34139981953E+005 -5.34139994548E+005 -5.34139995964E+005  1.71926479114E+001 -2.66724668283E-004 -5.24214575464E+000
1 1 65  -7.00000000000E-002 -1.05879118407E-021  1.69406589451E-021  1.21583571141E+000  3.04899374104E-005  1.66589912903E-006 -1.02489567829E+004  2.20618246303E+001  1.20540668686E+000  5.34816373456E+005 -5.34816382735E+005 -5.34816380402E+005  2.68212161598E+001  6.83670275914E-004  1.46640100198E+000
1 1 66  -6.80000000000E-002 -2.54109884176E-021 -2.03287907341E-020  1.21641182989E+000  1.43023560326E-005 -1.65267262505E-005 -9.83209056913E+003  1.03488592431E+001 -1.19583628967E+001  5.35323335086E+005 -5.35323342138E+005 -5.35323339703E+005  1.25846623118E+001  1.34559944876E-003 -1.45467591508E+001
1 1 67  -6.60000000000E-002 -5.42101086243E-020  5.25160427298E-020  1.21685920836E+000  2.08201620847E-005 -8.52736899229E-006 -9.50837769396E+003  1.50649953296E+001 -6.17021008385E+000  5.35717172222E+005 -5.35717174690E+005 -5.35717175729E+005  1.83316409575E+001 -8.59235066606E-005 -7.50683483251E+000
1 1 68  -6.40000000000E-002  4.06575814682E-020  0.00000000000E+000  1.21716005286E+000  1.04705460371E-005 -2.95395285631E-006 -9.29069345733E+003  7.57624875857E+000 -2.13741304237E+000  5.35982093816E+005 -5.35982095333E+005 -5.35982095712E+005  9.22149711729E+000 -7.91111969208E-005 -2.60120784642E+000
1 1 69  -6.20000000000E-002  5.42101086243E-020  1.35525271561E-020  1.21735994483E+000  1.05334243763E-005 -4.45391298514E-006 -9.14605617902E+003  7.62174609344E+000 -3.22275004616E+000  5.36158154449E+005 -5.36158154876E+005 -5.36158155128E+005  9.27869511358E+000 -1.18649320722E-005 -3.92332777848E+000
1 1 70  -6.00000000000E-002  1.62630325873E-019 -1.35525271561E-020  1.21744032009E+000  5.79126973062E-006 -3.74769239913E-006 -9.08789847209E+003  4.19043094329E+000 -2.71174490669E+000  5.36228955526E+005 -5.36228955596E+005 -5.36228955614E+005  5.10163640969E+000 -1.50898204126E-005 -3.30140451500E+000
1 1 71  -5.80000000000E-002  3.38813178902E-020  1.18584612616E-020  1.21742479578E+000  6.60152983302E-006 -2.32775824527E-006 -9.09913150628E+003  4.77671670845E+000 -1.68431287665E+000  5.36215280003E+005 -5.36215280184E+005 -5.36215280201E+005  5.81529259313E+000 -2.61617636136E-005 -2.05053645127E+000
1 1 72  -5.60000000000E-002  8.13151629364E-020  1.35525271561E-020  1.21727933520E+000 -1.08686497368E-006 -6.51535290678E-006 -9.20438347396E+003 -7.86430753310E-001 -4.71436104637E+000  5.36087153018E+005 -5.36087153746E+005 -5.36087153781E+005 -9.56771901372E-001 -3.72099137100E-005 -5.73859345017E+000
1 1 73  -5.40000000000E-002  0.00000000000E+000  6.77626357803E-020  1.21703461053E+000 -6.51255175236E-007 -6.71722833746E-006 -9.38146067032E+003 -4.71233419479E-001 -4.86043351247E+000  5.35871620309E+005 -5.35871622726E+005 -5.35871623303E+005 -5.72827804460E-001  3.58268318118E-005 -5.91477942781E+000
1 1 74  -5.20000000000E-002 -1.62630325873E-019 -5.42101086243E-020  1.21666582126E+000 -9.65464935746E-007 -3.36905704595E-006 -9.64830819103E+003 -6.98588449442E-001 -2.43777298447E+000  5.35546909969E+005 -5.35546914312E+005 -5.35546916877E+005 -8.50100186189E-001 -3.54091535823E-004 -2.96809478046E+000
1 1 75  -5.00000000000E-002 -2.71050543121E-020  0.00000000000E+000  1.21611618070E+000 -2.55605505908E-006 -1.92380180141E-005 -1.00460155884E+004 -1.84950325413E+000 -1.39201918963E+001  5.35063144640E+005 -5.35063155274E+005 -5.35063150423E+005 -2.24955228362E+000 -1.12854695056E-003 -1.69283934869E+001
1 1 76  -4.80000000000E-002  8.13151629364E-020 -1.89735380185E-019  1.21549960065E+000 -1.27146587618E-005 -1.76825585507E-005 -1.04921588831E+004 -9.20003764067E+000 -1.27946968375E+001  5.34520719821E+005 -5.34520735299E+005 -5.34520732403E+005 -1.11816337763E+001  1.00544526614E-003 -1.55569270239E+001
1 1 77  -4.60000000000E-002  2.71050543121E-020  2.71050543121E-020  1.21462259714E+000 -5.94115097027E-006  1.15863060667E-005 -1.11267386562E+004 -4.29888159637E+000  8.38358731656E+000  5.33749667076E+005 -5.33749688431E+005 -5.33749680930E+005 -5.22657585958E+000 -5.61266072617E-003  1.01864274064E+001
1 1 78  -4.40000000000E-002  1.08420217249E-019  6.77626357803E-020  1.21357063188E+000 -3.90928050860E-005 -1.35307514499E-005 -1.18879167675E+004 -2.82866638427E+001 -9.79054373206E+000  5.32825561564E+005 -5.32825592822E+005 -5.32825589454E+005 -3.43286703931E+001 -7.94295004106E-004 -1.18714107507E+001
1 1 79  -4.20000000000E-002 -9.14795583035E-020 -8.47032947254E-022  1.21231006284E+000 -1.80824254914E-005  3.67751181044E-006 -1.28000358299E+004 -1.30840314531E+001  2.66096383032E+000  5.31719180469E+005 -5.31719223632E+005 -5.31719229715E+005 -1.58627542725E+001  2.25902164775E-003  3.22742635554E+000
1 1 80  -4.00000000000E-002  1.35525271561E-019 -1.38913403350E-019  1.21074168287E+000  2.71315126629E-006 -1.34328218673E-005 -1.39348798738E+004  1.96317449350E+000 -9.71968411537E+000  5.30344405504E+005 -5.30344514692E+005 -5.30344457225E+005  2.39329830402E+000 -1.65786084505E-002 -1.18082423488E+001
1 1 81  -3.80000000000E-002 -5.42101086243E-020  1.01643953671E-020  1.20880270311E+000  2.67789075271E-005  2.98398000156E-005 -1.53378814926E+004  1.93766078855E+001  2.15914000113E+001  5.28647190694E+005 -5.28647274155E+005 -5.28647283729E+005  2.33801024605E+001  2.75015702348E-003  2.60957117447E+001
1 1 82  -3.60000000000E-002  6.09863722023E-020 -2.03287907341E-020  1.20638472897E+000  2.51007125034E-005 -4.34510887958E-005 -1.70874725348E+004  1.81623041691E+001 -3.14402187221E+001  5.26534436818E+005 -5.26534555942E+005 -5.26534543414E+005  2.18647969090E+001 -4.15604893203E-003 -3.79256283776E+001
1 1 83  -3.40000000000E-002  8.47032947254E-021  1.58818677610E-021  1.20340097838E+000  3.94284834393E-005 -1.59258483231E-005 -1.92464465392E+004  2.85295530577E+001 -1.15235813070E+001  5.23933083546E+005 -5.23933277097E+005 -5.23933258094E+005  3.42578902646E+001  7.66569702858E-004 -1.38547651829E+001
1 1 84  -3.20000000000E-002  5.92923063078E-021  1.69406589451E-021  1.19990959167E+000 -4.39697626007E-005  1.86704143252E-005 -2.17727344808E+004 -3.18155192801E+001  1.35094867881E+001  5.20897566002E+005 -5.20897865968E+005 -5.20897779329E+005 -3.81206826187E+001 -3.62794772153E-002  1.62531501729E+001
1 1 85  -3.00000000000E-002 -2.71050543121E-020  7.45388993584E-020  1.19542549343E+000 -7.13377594395E-006 -3.37465841387E-005 -2.50173258950E+004 -5.16183787814E+000 -2.44182600678E+001  5.17011977513E+005 -5.17012656680E+005 -5.17012321521E+005 -6.08235714831E+000 -2.62492607614E-002 -2.90263935852E+001
1 1 86  -2.80000000000E-002  5.42101086243E-020  6.77626357803E-021  1.18946162642E+000  9.99606159740E-005  7.40852721365E-005 -2.93326442953E+004  7.23292261925E+001  5.36064164239E+001  5.11866004528E+005 -5.11867932058E+005 -5.11866652419E+005  8.56817416978E+001 -6.05863684277E-003  6.43272321477E+001
1 1 87  -2.60000000000E-002 -7.77152729106E-020 -4.44692297309E-020  1.18210334732E+000 -1.46214737365E-004  5.54918226865E-005 -3.46569275503E+004 -1.05797655492E+002  4.01526196675E+001  5.05551672726E+005 -5.05554827834E+005 -5.05552561566E+005 -1.25090512824E+002 -5.76326465288E-002  4.77502358144E+001
1 1 88  -2.40000000000E-002  2.03287907341E-020  8.13151629364E-020  1.17237418131E+000  1.52573598856E-005  7.61485184021E-005 -4.16967305998E+004  1.10398782912E+001  5.50993344536E+001  4.97263649499E+005 -4.97270223412E+005 -4.97264845825E+005  1.23268729017E+001  3.32616928046E-001  6.22664697497E+001
1 1 89  -2.20000000000E-002 -6.77626357803E-021  0.00000000000E+000  1.15818287427E+000 -8.39532280324E-005  1.27873447806E-004 -5.19652373191E+004 -6.07466446738E+001  9.25263158923E+001  4.85307457613E+005 -4.85320868567E+005 -4.85310114860E+005 -6.97540136361E+001  1.22965430184E-001  1.03831939518E+002
1 1 90  -2.00000000000E-002  2.71050543121E-020 -1.89735380185E-019  1.14082402108E+000  2.80654017011E-005 -7.07394589171E-005 -6.45257083271E+004  2.03074857837E+001 -5.11854621433E+001  4.70860193684E+005 -4.70883556274E+005 -4.70863933588E+005  2.29453289415E+001  1.16809485975E+000 -6.09676022991E+001
1 1 91  -1.80000000000E-002 -1.01643953671E-019  1.35525271561E-020  1.11512818876E+000 -5.19884138371E-004  4.58122875893E-004 -8.31186276463E+004 -3.76176327764E+002  3.31487284183E+002  4.49893841783E+005 -4.49944996538E+005 -4.49899827664E+005 -4.19975659824E+002  2.55624999092E+000  3.53160378497E+002
1 1 92  -1.60000000000E-002  0.00000000000E+000  1.52465930506E-020  1.07096092270E+000 -4.35227057442E-004  1.73830740607E-003 -1.15077055934E+005 -3.14920391157E+002  1.25779966781E+003  4.14985203493E+005 -4.15280282904E+005 -4.15001658866E+005 -3.51221166327E+002 -6.45842857069E+000  1.28993400058E+003
1 1 93  -1.40000000000E-002  1.35525271561E-019 -1.55854062295E-019  1.00173012533E+000  1.35145672186E-003  1.45886829074E-003 -1.65170884926E+005  9.77883319066E+002  1.05560388517E+003  3.63102168907E+005 -3.63494729089E+005 -3.63165194117E+005  9.76557399300E+002 -1.32554008219E-001  1.09147567824E+003
1 1 94  -1.20000000000E-002  1.35525271561E-020 -2.03287907341E-020  8.53459395466E-001  3.76272012015E-005  7.52408488248E-003 -2.72456209785E+005  2.72261862352E+001  5.44425654098E+003  2.63908172154E+005 -2.68440431708E+005 -2.64064434311E+005 -5.83772767287E+000 -1.31378538505E+002  3.04371481464E+003
1 1 95  -1.00000000000E-002 -6.84179956217E-020  7.02922565431E-020  6.24922843565E-001  3.12857535371E-003  3.78276006448E-003 -4.37820056282E+005  2.26376590634E+003  2.73711907104E+003  1.41177046291E+005 -1.42763279209E+005 -1.41574205115E+005  1.47743427215E+003  1.28518248682E+002  1.42405507702E+003
1 1 96  -8.00000000000E-003 -1.99899775552E-019  2.43945488809E-019  3.53827228552E-001 -1.02068217369E-004  1.99959847483E-002  2.81566762445E+005 -8.12233067273E+001  1.59122990916E+004  5.04203307016E+004 -5.46468772886E+004 -5.07151586524E+004 -1.78485069277E+002 -5.43757564382E+001  6.89772504788E+003
1 1 97  -6.00000000000E-003  5.42101086243E-020 -3.25260651746E-019  2.17201452037E-001  1.22695248355E-003 -4.60958028714E-003  1.72843423890E+005  9.76377764594E+002 -3.66818744558E+003  1.91745730605E+004 -2.07628793846E+004 -1.92569731185E+004  3.24486119413E+002 -9.20503015694E+001 -1.51777879445E+003
1 1 98  -4.00000000000E-003 -4.10810979418E-020 -4.06575814682E-020  1.47009938139E-001  1.98162263766E-004  1.45104514250E-003  1.16986791826E+005  1.57692519244E+002  1.15470503671E+003  8.64191546452E+003 -8.95056916285E+003 -8.66687321783E+003  2.83885984657E+001  7.85059857934E+000  2.00182090265E+002
1 1 99  -2.00000000000E-003  0.00000000000E+000 -4.40457132572E-020  1.10265915851E-001 -1.89888292033E-004 -1.65077094183E-004  8.77468279115E+004 -1.51108301734E+002 -1.31364177803E+002  4.89381740070E+003 -4.96776902728E+003 -4.90698441197E+003 -6.96160166153E+000  7.77405667018E-001 -2.82580199048E+001
1 1 100  -2.71050543121E-020 -3.38813178902E-020 -1.62630325873E-019  8.89977011408E-002 -2.16499503051E-005 -6.99941919619E-004  7.08221203828E+004 -1.72284830634E+001 -5.56996082560E+002  3.15692733509E+003 -3.20922189451E+003 -3.16362948973E+003  2.70176831769E+000 -2.70383145615E+000 -6.87647090942E+001
1 1 101   2.00000000000E-003 -5.42101086243E-020  0.00000000000E+000  7.52856390240E-002  1.08842820166E-005 -8.97020959074E-004  5.99104080409E+004  8.66143643462E+000 -7.13826599284E+002  2.25421100941E+003 -2.27131937089E+003 -2.25944485194E+003  4.15592387505E+000 -3.65656521718E+000 -6.05006416119E+001
1 1 102   4.00000000000E-003 -1.35525271561E-019 -1.35525271561E-020  6.68933817672E-002 -2.13228261152E-004 -4.98202808418E-004  5.32320619027E+004 -1.69681659040E+002 -3.96457198563E+002  1.78092938393E+003 -1.78360882022E+003 -1.78281282133E+003 -1.08353903494E+001 -7.35904588046E-001 -2.76634208296E+001
1 1 103   6.00000000000E-003  6.09863722023E-020 -2.03287907341E-020  6.41817572993E-002 -3.34974396842E-005  2.16662844532E-004  5.10742197109E+004 -2.66564155638E+001  1.72414813655E+002  1.63806510684E+003 -1.64112750026E+003 -1.63873989909E+003 -1.62018127417E+000  2.14413627967E-001  1.04246876524E+001
1 1 104   8.00000000000E-003 -1.20278678510E-019  5.42101086243E-020  7.02640046979E-002  4.82343386099E-005  1.40359621508E-004  5.59143184094E+004  3.83836671266E+001  1.11694637995E+002  1.96666659766E+003 -1.97564121028E+003 -1.96736408244E+003  2.38612313080E+000  4.51336103915E-001  4.58826952484E+000
1 1 105   1.00000000000E-002  2.50881510504E-020  1.04030766558E-019  8.29369919077E-002  3.56629521545E-004 -2.63101653456E-003  3.29995806059E+001  1.41898378178E-001 -1.04684821827E+000  1.36081108067E+000 -1.39459883400E+000 -1.36801221404E+000  1.44889193282E-002  5.91334314617E-003 -9.30005488499E-002
1 1 106   1.20000000000E-002 -1.69406589451E-021 -1.69406589451E-020  1.27308361543E-001  4.73402139991E-004  7.94690108978E-004  5.06543876492E+001  1.88360726840E-001  3.16197148037E-001  3.21379870060E+000 -3.28417467389E+000 -3.21709655846E+000  2.38786225448E-002  4.13866551086E-004  3.39404376705E-002
1 1 107   1.40000000000E-002  2.71050543121E-020 -5.42101086243E-020  1.52307836590E-001  2.07084977347E-004  5.36762981076E-004  6.06013627314E+001  8.23964945563E-002  2.13571204511E-001  4.61288404999E+000 -4.62997930242E+000 -4.61372469917E+000  1.29648906083E-002  3.19604116319E-004  3.03987435125E-002
1 1 108   1.60000000000E-002 -7.45388993584E-020 -1.42301535139E-019  1.66767871765E-001  2.77139266230E-004 -7.98549332914E-005  6.63548279267E+001  1.10270210489E-001 -3.17732684453E-002  5.53275701472E+000 -5.53744307673E+000 -5.53306291229E+000  1.82745553544E-002 -8.67502746329E-005 -4.68958507325E-003
1 1 109   1.80000000000E-002  5.42101086243E-020  1.42301535139E-019  1.77014823503E-001  1.31851359174E-004 -1.75498460786E-004  7.04319604832E+001  5.24619889747E-002 -6.98286189276E-002  6.23385956905E+000 -6.23578002567E+000 -6.23411531332E+000  9.35978596522E-003 -2.48573285876E-005 -1.21835947451E-002
1 1 110   2.00000000000E-002 -1.08420217249E-019  1.62630325873E-019  1.84252500643E-001  1.05525152234E-004 -1.25298706940E-005  7.33117407197E+001  4.19871240445E-002 -4.98547714885E-003  6.75391407684E+000 -6.75490322747E+000 -6.75411207017E+000  7.62028472751E-003  3.92473242383E-005 -8.02362545500E-004
1 1 111   2.20000000000E-002  7.11507675694E-020 -1.01643953671E-020  1.89623169645E-001  8.33873397381E-005 -6.61500731478E-005  7.54486620207E+001  3.31787683144E-002 -2.63202778485E-002  7.15358902667E+000 -7.15407045990E+000 -7.15364271186E+000  6.33031826856E-003  3.19148794324E-005 -4.94044520639E-003
1 1 112   2.40000000000E-002 -4.06575814682E-020  0.00000000000E+000  1.93107700517E-001  3.36360431677E-005  8.25043376628E-006  7.68351128036E+001  1.33833563558E-002  3.28274329514E-003  7.41880784926E+000 -7.41906786140E+000 -7.41883988641E+000  2.60225829903E-003  1.79177720026E-005  6.58268848800E-004
1 1 113   2.60000000000E-002 -5.42101086243E-020 -6.77626357803E-021  1.95754263059E-001  4.87822445576E-005 -1.07411697755E-005  7.78881465818E+001  1.94098384133E-002 -4.27377566580E-003  7.62351991312E+000 -7.62363022720E+000 -7.62353203386E+000  3.80869412928E-003  3.66196981826E-007 -8.50538893159E-004
1 1 114   2.80000000000E-002  5.42101086243E-020 -2.71050543121E-020  1.97245124314E-001  4.33956733354E-005  3.10241884241E-006  7.84813414281E+001  1.72665898201E-002  1.23441323719E-003  7.74002398427E+000 -7.74006876058E+000 -7.74002753779E+000  3.40790558096E-003 -1.11638891710E-006  2.52241389843E-004
1 1 115   3.00000000000E-002  5.42101086243E-020 -1.62630325873E-019  1.97857572520E-001  2.70674515985E-005  1.01748608530E-005  7.87250268267E+001  1.07697968093E-002  4.04844850470E-003  7.78816407437E+000 -7.78817718299E+000 -7.78816748792E+000  2.13130212314E-003  2.20339877872E-006  8.02341001496E-004
1 1 116   3.20000000000E-002 -5.42101086243E-020 -5.42101086243E-020  1.97768114083E-001 -4.88016853530E-006 -1.29886336674E-005  7.86894324454E+001 -1.94175736600E-003 -5.16801313633E-003  7.78113027413E+000 -7.78113137344E+000 -7.78113923620E+000 -3.83334934458E-004  2.41461153250E-007 -1.02240293206E-003
1 1 117   3.40000000000E-002  0.00000000000E+000 -2.03287907341E-020  1.97096406769E-001  1.64351974847E-005 -1.28216089446E-005  7.84221685970E+001  6.53935730842E-003 -5.10155611064E-003  7.72838680477E+000 -7.72839307420E+000 -7.72840226282E+000  1.30076264279E-003 -1.19571673885E-007 -1.00484839051E-003
1 1 118   3.60000000000E-002 -6.77626357803E-021  8.47032947254E-021  1.95953190463E-001  2.71215357418E-005  2.36899192248E-006  7.79672972810E+001  1.07913162062E-002  9.42591937597E-004  7.63897860991E+000 -7.63899205335E+000 -7.63901552395E+000  2.10994863231E-003 -4.48082118292E-008  1.88080429119E-004
1 1 119   3.80000000000E-002  8.80914265144E-020  0.00000000000E+000  1.94315743383E-001 -1.35463397534E-005 -6.16040424063E-007  7.73157777884E+001 -5.38991733755E-003 -2.45114696865E-004  7.51187862139E+000 -7.51190849271E+000 -7.51192950570E+000 -1.04801047776E-003 -7.13037622086E-007 -5.10745408827E-005
1 1 120   4.00000000000E-002  4.67985703358E-020  1.15619997300E-019  1.92569708948E-001  6.78349775542E-006 -3.40081924903E-005  7.66210527597E+001  2.69906800115E-003 -1.35314298666E-002  7.37750135900E+000 -7.37756801218E+000 -7.37754270481E+000  5.45434512487E-004  7.97209043530E-006 -2.59472340733E-003
1 1 121   4.20000000000E-002 -2.71050543121E-020  5.42101086243E-020  1.90216222141E-001 -2.64493474751E-007 -3.08701954671E-005  7.56846301114E+001 -1.05238609926E-004 -1.22828605210E-002  7.19828814862E+000 -7.19837441887E+000 -7.19836747588E+000 -3.82350653803E-005 -3.15678695452E-005 -2.32975899500E-003
1 1 122   4.40000000000E-002 -2.71050543121E-020 -3.38813178902E-021  1.87634298182E-001  2.89261500696E-006  3.73612207559E-005  7.46573152084E+001  1.15093494336E-003  1.48655574251E-002  7.00420642341E+000 -7.00428389409E+000 -7.00432755620E+000  2.22369386084E-004  1.38983036827E-005  2.76579069843E-003
1 1 123   4.60000000000E-002  5.42101086243E-020  1.35525271561E-020  1.84913845291E-001  1.15951591236E-006  3.04137538336E-007  7.35748813945E+001  4.61356723142E-004  1.21012481653E-004  6.80257301524E+000 -6.80270717984E+000 -6.80264601911E+000  1.37477504650E-004 -2.61586924210E-005  1.32885155305E-005
1 1 124   4.80000000000E-002 -8.13151629364E-020  0.00000000000E+000  1.81912452869E-001 -5.89620081211E-005  7.14258304339E-005  7.23806652928E+001 -2.34602376446E-002  2.84194349775E-002  6.58356538111E+000 -6.58370797676E+000 -6.58368289679E+000 -4.26714572711E-003 -3.23974958089E-005  5.20515612127E-003
1 1 125   5.00000000000E-002 -5.42101086243E-020 -1.35525271561E-019  1.78912303055E-001  9.66896096274E-005 -6.75055930149E-005  7.11869436091E+001  3.84715733385E-002 -2.68596220674E-002  6.36814966750E+000 -6.36831593054E+000 -6.36828843515E+000  6.91211201170E-003  3.81204472981E-005 -4.88136544913E-003
1 1 126   5.20000000000E-002  0.00000000000E+000 -1.35525271561E-020  1.75364179443E-001 -7.00592033136E-005 -4.07099425156E-005  6.97751900786E+001 -2.78756713229E-002 -1.61979714794E-002  6.11809807393E+000 -6.11826975932E+000 -6.11830366701E+000 -4.92341472635E-003  7.08129400970E-006 -2.84418834418E-003
1 1 127   5.40000000000E-002  6.77626357803E-021 -2.35263401100E-019  1.71740600060E-001  8.21938931006E-006 -1.90253210981E-005  6.83334136507E+001  3.27039109847E-003 -7.56993475034E-003  5.86802712390E+000 -5.86820794207E+000 -5.86815653796E+000  6.02833154093E-004  5.31060639894E-006 -1.32268387132E-003
1 1 128   5.60000000000E-002  2.71050543121E-020  3.38813178902E-021  1.68072423218E-001 -3.34902427178E-005  1.79827972558E-005  6.68738924577E+001 -1.33253441999E-002  7.15512769288E-003  5.62020064778E+000 -5.62034660472E+000 -5.62036152331E+000 -2.14253570389E-003  2.83909558280E-005  1.14836445712E-003
1 1 129   5.80000000000E-002 -3.38813178902E-021  1.15196480827E-019  1.64141676017E-001 -9.02377838937E-005  8.03153965790E-005  6.53098978385E+001 -3.59044734419E-002  3.19564809663E-002  5.36007884456E+000 -5.36032646827E+000 -5.36023113421E+000 -5.92232509844E-003 -7.41228998090E-005  5.25791993087E-003
1 1 130   6.00000000000E-002 -2.28698895759E-020  3.21872519957E-020  1.60323407852E-001 -8.36571244906E-005  1.46405904824E-006  6.37906572053E+001 -3.32861122569E-002  5.82530586931E-004  5.11374803620E+000 -5.11397570238E+000 -5.11392027086E+000 -5.26989677232E-003 -5.64816706604E-005  1.03762367825E-004
1 1 131   6.20000000000E-002 -2.71050543121E-020  6.77626357803E-021  1.56295273093E-001 -4.46279054773E-005  2.41529041345E-005  6.21879133079E+001 -1.77568794117E-002  9.61013521856E-003  4.86002765353E+000 -4.86023676192E+000 -4.86019899948E+000 -2.74987152699E-003 -1.87442041062E-005  1.47047346099E-003
1 1 132   6.40000000000E-002 -3.38813178902E-021  5.42101086243E-020  1.52150345871E-001 -1.71404691728E-005  1.76450924599E-005  6.05386991656E+001 -6.81997599721E-003  7.02075922381E-003  4.60582050034E+000 -4.60608131520E+000 -4.60599445179E+000 -1.09496301676E-003  2.32127943195E-005  1.16840203922E-003
1 1 133   6.60000000000E-002 -8.47032947254E-021 -6.77626357803E-021  1.47699432061E-001 -2.00320423894E-004 -6.99829070363E-005  5.87677368281E+001 -7.97049642537E-002 -2.78453139987E-002  4.34016669625E+000 -4.34039023142E+000 -4.34031613070E+000 -1.17420551323E-002 -2.67496925254E-005 -4.08503983507E-003
1 1 134   6.80000000000E-002  5.42101086243E-020  1.62630325873E-019  1.43505422815E-001 -6.76304268115E-005  1.24519653515E-004  5.70989935692E+001 -2.69092918569E-002  4.95447959791E-002  4.09714444033E+000 -4.09735160354E+000 -4.09737344414E+000 -3.78520075485E-003 -1.32067246024E-005  7.13475392840E-003
1 1 135   7.00000000000E-002  1.13502414932E-019 -1.26207909141E-019  1.39140033155E-001 -5.92547326529E-006  1.51808017154E-004  5.53620602099E+001 -2.35767090352E-003  6.04024908967E-002  3.85150640416E+000 -3.85213971072E+000 -3.85169856774E+000 -3.15419524060E-004 -1.55430671587E-004  8.27494463262E-003
1 1 136   7.20000000000E-002  0.00000000000E+000  6.77626357803E-021  1.34655648453E-001  3.35619243331E-005  3.01979261794E-006  5.35777802277E+001  1.33538654085E-002  1.20153730702E-003  3.60796525924E+000 -3.60822728263E+000 -3.60821087417E+000  1.56849077919E-003  1.68101863488E-005  1.86014281576E-004
1 1 137   7.40000000000E-002  0.00000000000E+000 -3.38813178902E-021  1.30055173348E-001 -6.82375553336E-005 -6.74813475871E-005  5.17473093417E+001 -2.71508606206E-002 -2.68499751182E-002  3.36548818385E+000 -3.36595335516E+000 -3.36572529914E+000 -3.35873565046E-003 -3.82598273579E-006 -3.62083059880E-003
1 1 138   7.60000000000E-002  2.03287907341E-020  1.05455601933E-019  1.25046973589E-001 -5.57238558888E-005  9.21824607377E-005  4.97546099701E+001 -2.21718178074E-002  3.66782357739E-002  3.11095156830E+000 -3.11148625556E+000 -3.11110682975E+000 -2.71728570282E-003 -3.43995942624E-005  4.45674555308E-003
1 1 139   7.80000000000E-002 -1.08420217249E-019  1.28749007983E-019  1.20373505612E-001 -5.20345986563E-005  8.47272433107E-005  4.78950961435E+001 -2.07039089935E-002  3.37118990072E-002  2.88275046928E+000 -2.88321080384E+000 -2.88297837859E+000 -2.49644505698E-003 -5.29816388550E-005  4.12760684583E-003
1 1 140   8.00000000000E-002 -1.21972744405E-019 -3.38813178902E-021  1.15450660116E-001  7.13070071371E-005  2.34180287651E-005  4.59363581544E+001  2.83721566898E-002  9.31773759924E-003  2.65180902095E+000 -2.65217421656E+000 -2.65216353965E+000  3.38559998186E-003 -7.02497044406E-006  1.06918224538E-003
1 1 141   8.20000000000E-002 -2.71050543121E-020  2.03287907341E-020  1.10388362454E-001 -3.81993655255E-005  5.35826234315E-005  4.39221339111E+001 -1.51990446333E-002  2.13198484818E-002  2.42473196484E+000 -2.42507730950E+000 -2.42511273582E+000 -1.70114410208E-003  3.16000018132E-005  2.45566951644E-003
1 1 142   8.40000000000E-002 -5.42101086243E-020  8.13151629364E-020  1.05284163105E-001 -9.99709639876E-005  7.34716762210E-005  4.18912375164E+001 -3.97771827562E-002  2.92334511529E-002  2.20578216732E+000 -2.20627489587E+000 -2.20610354747E+000 -4.42198509031E-003 -1.04618279993E-004  3.14172002160E-003
1 1 143   8.60000000000E-002  2.71050543121E-020  2.13875819182E-020  1.00098746469E-001 -2.10992240507E-005 -2.79027377723E-005  3.98280257901E+001 -8.39511451726E-003 -1.11021466183E-002  1.99372901680E+000 -1.99418097481E+000 -1.99407693312E+000 -9.64509431542E-004  9.45824969395E-005 -1.33097555451E-003
1 1 144   8.80000000000E-002  2.43945488809E-019  8.47032947254E-020  9.46317711296E-002  9.68730662509E-008 -2.15294315195E-005  3.76527854151E+001  3.85445684098E-005 -8.56628863049E-003  1.78183804452E+000 -1.78220317330E+000 -1.78220786321E+000  2.29112494754E-005  1.69127243705E-005 -8.82814539670E-004
1 1 145   9.00000000000E-002  1.15196480827E-019 -5.75982404133E-020  8.90374443848E-002 -9.93843587203E-005 -9.25638072127E-006  3.54268735258E+001 -3.95437799361E-002 -3.68299687153E-003  1.57789684820E+000 -1.57821785248E+000 -1.57823997831E+000 -3.62006320634E-003  1.89412965012E-005 -3.28088558036E-004
1 1 146   9.20000000000E-002 -5.42101086243E-020 -2.71050543121E-020  8.34697782460E-002 -9.29224710397E-005  1.05631414314E-004  3.32115695545E+001 -3.69726765180E-002  4.20294043828E-002  1.38659282728E+000 -1.38706419612E+000 -1.38690344147E+000 -2.83909694421E-003  3.37819420384E-005  3.87887081333E-003
1 1 147   9.40000000000E-002 -1.35525271561E-020  5.42101086243E-020  7.79023036014E-002 -1.35712085159E-004  1.10844893333E-005  3.09963417764E+001 -5.39981230375E-002  4.41037817765E-003  1.20751343944E+000 -1.20790601976E+000 -1.20772778763E+000 -4.15638453019E-003  8.58829613836E-005  3.75686267991E-004
1 1 148   9.60000000000E-002 -8.13151629364E-020 -2.71050543121E-020  7.19893256125E-002 -9.13277590149E-005  3.36583472172E-005  2.86436425854E+001 -3.63381607633E-002  1.33922308551E-002  1.03168134614E+000 -1.03201166603E+000 -1.03199918331E+000 -2.50528525228E-003  1.59621878024E-005  9.33508671579E-004
1 1 149   9.80000000000E-002  0.00000000000E+000  1.35525271561E-020  6.54261996460E-002  3.53617687070E-005  1.46525759443E-004  2.60322577332E+001  1.40700007316E-002  5.83007473306E-002  8.51902228105E-001 -8.52377669838E-001 -8.52299906579E-001  6.42628205021E-004 -9.52320110644E-007  3.86828243608E-003
1 1 150   1.00000000000E-001  2.71050543121E-020 -2.03287907341E-020  5.89020888847E-002 -1.17120693931E-004 -3.55868767912E-005  2.34363965379E+001 -4.66008434968E-002 -1.41595683925E-002  6.91072330262E-001 -6.91682799439E-001 -6.91624002736E-001 -2.30939680997E-003  2.93154338881E-005 -8.78764964393E-004
1 1 151   1.02000000000E-001  2.71050543121E-020  0.00000000000E+000  5.16986014969E-002 -7.22990073749E-005 -4.81558288372E-005  2.05702199714E+001 -2.87668610438E-002 -1.91605955172E-002  5.32491234935E-001 -5.33163954093E-001 -5.33107586990E-001 -1.17265338797E-003 -1.67420973717E-004 -1.55544898634E-003
1 1 152   1.04000000000E-001  4.06575814682E-019 -1.35525271561E-020  4.40892423023E-002 -2.29898619106E-004  1.30121840383E-004  1.75425521440E+001 -9.14737542065E-002  5.17738353122E-002  3.87040514319E-001 -3.87920553771E-001 -3.87780327805E-001 -4.08219939491E-003 -1.85518257097E-004  2.04850246877E-003
1 1 153   1.06000000000E-001  9.48676900925E-020  0.00000000000E+000  3.58914679777E-002 -3.21282048278E-005  2.33245771564E-005  1.42807613750E+001 -1.27834065421E-002  9.28055438554E-003  2.57489795484E-001 -2.58497721296E-001 -2.58062682221E-001 -3.33671218566E-004 -6.22739107088E-005  6.68358326802E-004
1 1 154   1.08000000000E-001  5.42101086243E-020  5.42101086243E-020  2.50344513731E-002 -2.49110131052E-004 -8.69039777280E-005  9.96089172043E+000 -9.91177719414E-002 -3.45779941139E-002  1.29201153586E-001 -1.31123129092E-001 -1.30036388832E-001 -2.33120986144E-003  3.55368965268E-004  8.36213539063E-005
1 1 155   1.10000000000E-001 -8.92211197835E-020 -1.03844438207E-021  1.12686370549E-002 -7.54804582337E-005  5.72563943466E-005  8.96729645622E+003 -6.00654402423E+001  4.55631909714E+001  5.05481522408E+001 -5.06442227254E+001 -5.05699572057E+001 -6.84032946283E-001 -1.11438536223E-002  5.36242560788E-001
1 1 156   1.12000000000E-001 -1.89735380185E-019  1.69406589451E-021  9.66957754193E-003 -1.20583252567E-006 -7.19555378181E-005  7.69480532584E+003 -9.59571036104E-001 -5.72603976984E+001  3.74366043913E+001 -3.81344723575E+001 -3.75044464499E+001 -4.39775682064E-002 -3.27233965228E-003 -3.90535214642E-001
1 1 157   1.14000000000E-001  0.00000000000E+000  2.71050543121E-020  7.38361415937E-003 -1.22832678129E-005 -5.66072503940E-005  5.87569346345E+003 -9.77471395986E+000 -4.50466186267E+001  2.18969631338E+001 -2.29416823686E+001 -2.19588358338E+001 -1.04536568609E-001 -2.02676972256E-002 -4.12677821932E-001
1 1 158   1.16000000000E-001  0.00000000000E+000 -1.08420217249E-019  5.78659047557E-003 -6.78640953156E-005  3.04017743416E-005  4.60482239444E+003 -5.40045312014E+001  2.41929633538E+001  1.34523911714E+001 -1.39304474299E+001 -1.35131785968E+001 -3.58065738994E-001  2.70815499210E-003  1.47999652512E-001
1 1 159   1.18000000000E-001 -1.62630325873E-019  7.45388993584E-020  4.92779270035E-003 -4.06555578286E-005 -3.71411871887E-005  3.92141283845E+003 -3.23526649999E+001 -2.95560177007E+001  1.00099234146E+001 -1.03217759462E+001 -1.00809898701E+001 -2.84875752010E-001 -1.09237865219E-002 -1.77893639900E-001
1 1 160   1.20000000000E-001  0.00000000000E+000 -1.35525271561E-020  4.01241773456E-003 -1.82294460995E-005 -8.25244342262E-006  3.19298058467E+003 -1.45065322994E+001 -6.56708582398E+000  6.47526886516E+000 -6.78082160795E+000 -6.53844737412E+000 -6.40993892600E-002  1.10074903220E-003  7.33983377405E-002
1 1 161   1.22000000000E-001 -1.35525271561E-019  0.00000000000E+000  3.43412282023E-003 -1.30203810388E-005 -9.88276962180E-005  2.73278811324E+003 -1.03612900282E+001 -7.86445819272E+001  4.79523194241E+000 -4.97257083741E+000 -4.84767957433E+000 -2.19300982595E-002  1.61028729139E-002 -3.43525400526E-001
1 1 162   1.24000000000E-001  3.79470760370E-019  2.16840434497E-019  2.96876155025E-003 -5.52098742720E-006 -5.02269916977E-005  2.36246538061E+003 -4.39346220396E+000 -3.99693700723E+001  3.57170018187E+000 -3.72728121019E+000 -3.62767751593E+000 -1.37403475929E-002  3.73892000429E-003 -1.63182669225E-001
1 1 163   1.26000000000E-001 -7.04731412116E-019  2.16840434497E-019  2.62424413467E-003  9.62530565904E-006 -1.82459466376E-005  2.08830713195E+003  7.65957488078E+000 -1.45196630104E+001  2.75262533807E+000 -2.87395887765E+000 -2.81334078259E+000  5.25551514645E-002 -1.01479601259E-002 -3.70594536394E-002
1 1 164   1.28000000000E-001 -4.33680868994E-019  8.67361737988E-019  2.36703055504E-003 -1.77694934340E-005 -1.38827316715E-005  1.88362306858E+003 -1.41405135975E+001 -1.10475268583E+001  2.28478793775E+000 -2.35582137668E+000 -2.33120658667E+000 -3.23255224695E-002  6.35253919294E-003 -5.06869374520E-003
1 1 165   1.30000000000E-001 -8.80914265144E-020  1.08420217249E-019  2.08992286068E-003 -2.84024689826E-005 -4.77706686959E-005  1.66310777169E+003 -2.26019666988E+001 -3.80146903322E+001  1.77138361873E+000 -1.82472823780E+000 -1.81104244393E+000 -7.36677646588E-002  5.61563596430E-003 -9.50270464712E-002
1 1 166   1.32000000000E-001 -2.71050543121E-020  4.33680868994E-019  1.89332480248E-003 -2.39014978166E-006 -2.11468638038E-005  1.50666000769E+003 -1.90202076458E+000 -1.68281395455E+001  1.46480014849E+000 -1.51739665388E+000 -1.49614558631E+000 -1.37046593181E-002  4.50865528211E-003 -3.89191124592E-002
1 1 167   1.34000000000E-001 -2.03287907341E-019 -8.67361737988E-019  1.71115851651E-003  1.69778634864E-005 -2.21524880719E-006  1.36169668314E+003  1.35105545004E+001 -1.76283899123E+000  1.18859796407E+000 -1.23878177116E+000 -1.21276886019E+000  3.08660620570E-002  3.97288828152E-003  1.63237450980E-003
1 1 168   1.36000000000E-001 -4.03187682893E-019 -2.16840434497E-019  1.58199574338E-003  1.19433606150E-005 -1.15347092384E-005  1.25891221399E+003  9.50422440586E+000 -9.17902997256E+000  1.02397700804E+000 -1.06563460340E+000 -1.04515599644E+000  1.89052356763E-002  5.53501551179E-003 -1.49502400926E-002
1 1 169   1.38000000000E-001  5.08219768353E-021  3.79470760370E-019  1.45283297026E-003  6.90885774353E-006 -2.08541696695E-005  1.15612774484E+003  5.49789431129E+000 -1.65952209539E+001  8.59356052010E-001 -8.92487435650E-001 -8.77543132687E-001  6.94440929561E-003  7.09714274207E-003 -3.15328546949E-002
1 1 170   1.40000000000E-001  0.00000000000E+000 -2.16840434497E-019  1.33729792560E-003  2.20913714373E-006 -1.96031107497E-005  1.06418787744E+003  1.75797548397E+000 -1.55996598968E+001  7.20146495138E-001 -7.47434899071E-001 -7.36054174230E-001 -3.90766598836E-003  7.28252488731E-003 -2.87406091719E-002
1 1 171   1.42000000000E-001  0.00000000000E+000  2.16840434497E-019  1.25892724370E-003  3.40665421390E-006 -1.59318161141E-005  1.00182247028E+003  2.71092929083E+000 -1.26781364494E+001  6.48651831141E-001 -6.72638880238E-001 -6.63369209793E-001 -3.81972190585E-004  4.96113554279E-003 -2.33104818132E-002
1 1 172   1.44000000000E-001 -4.33680868994E-019  0.00000000000E+000  1.18055656180E-003  4.60417128407E-006 -1.22605214785E-005  9.39457063121E+002  3.66388309769E+000 -9.75661300207E+000  5.77157167145E-001 -5.97842861406E-001 -5.90684245356E-001  3.14372160719E-003  2.63974619827E-003 -1.78803544545E-002
1 1 173   1.46000000000E-001  1.08420217249E-019  2.16840434497E-019  1.10218587990E-003  5.80168835424E-006 -8.58922684285E-006  8.77091655961E+002  4.61683690455E+000 -6.83508955469E+000  5.05662503148E-001 -5.23046842573E-001 -5.17999280920E-001  6.66941540497E-003  3.18356853743E-004 -1.24502270958E-002
1 1 174   1.48000000000E-001 -2.16840434497E-019  0.00000000000E+000  1.02381519800E-003  6.99920542440E-006 -4.91793220722E-006  8.14726248800E+002  5.56979071141E+000 -3.91356610732E+000  4.34167839152E-001 -4.48250823740E-001 -4.45314316483E-001  1.01951092027E-002 -2.00303249078E-003 -7.02009973704E-003
1 1 175   1.50000000000E-001  7.31836466428E-019  1.08420217249E-019  9.48007096313E-004  5.23119012597E-006 -3.27720092852E-006  7.54400078184E+002  4.16284883876E+000 -2.60791363938E+000  3.66334997511E-001 -3.77303862282E-001 -3.76769121881E-001  8.74707977698E-003 -3.56842983635E-003 -4.62860858032E-003
1 1 176   1.52000000000E-001 -8.80914265144E-019  2.71050543121E-019  8.87980770333E-004 -4.06311613185E-007  8.59621793210E-006  7.06632645652E+002 -3.23332508739E-001  6.84065288676E+000  3.19109368339E-001 -3.28136335787E-001 -3.28845478489E-001 -1.38234363643E-003 -2.23284223011E-003  8.84441689684E-003
1 1 177   1.54000000000E-001 -1.97866896479E-018  4.33680868994E-019  8.55460789130E-004  3.08879684412E-008  8.56551074970E-006  6.80754066835E+002  2.45798643255E-002  6.81621688740E+000  3.00111894990E-001 -3.08254694320E-001 -3.08705070501E-001 -1.19933209166E-003 -1.23499560162E-003  8.80502160968E-003
1 1 178   1.56000000000E-001 -7.58941520740E-019  2.16840434497E-019  8.21810906117E-004 -1.97884340538E-006  7.02204586296E-006  6.53976340724E+002 -1.57471354966E+000  5.58796655492E+000  2.80177721680E-001 -2.87861552137E-001 -2.87075474869E-001 -3.94256131718E-003 -1.02478159554E-003  7.52707731163E-003
1 1 179   1.58000000000E-001 -3.52365706058E-018 -4.33680868994E-019  7.88161023105E-004 -3.98857477921E-006  5.47858097622E-006  6.27198614614E+002 -3.17400696364E+000  4.35971622245E+000  2.60243548370E-001 -2.67468409955E-001 -2.65445879237E-001 -6.68579054270E-003 -8.14567589459E-004  6.24913301359E-003
1 1 180   1.60000000000E-001 -5.42101086243E-019 -4.33680868994E-019  7.52076307167E-004 -1.04426103119E-006  4.28325044395E-006  5.98483310023E+002 -8.30996525912E-001  3.40850240717E+000  2.39005470727E-001 -2.45805243417E-001 -2.43857872956E-001 -4.50836852020E-003 -5.71689252271E-004  4.93992055262E-003
1 1 181   1.62000000000E-001  1.02999206386E-018  0.00000000000E+000  7.15761323470E-004  2.36856817583E-006  3.12084377953E-006  5.69584764172E+002  1.88484666832E+000  2.48348857349E+000  2.17644079847E-001 -2.24021967750E-001 -2.22273799877E-001 -1.86558917426E-003 -3.25721774046E-004  3.62775098945E-003
1 1 182   1.64000000000E-001  0.00000000000E+000 -8.67361737988E-019  6.79446339773E-004  5.78139738285E-006  1.95843711511E-006  5.40686218321E+002  4.60068986255E+000  1.55847473980E+000  1.96282688968E-001 -2.02238692083E-001 -2.00689726797E-001  7.77190171677E-004 -7.97542958213E-005  2.31558142628E-003
1 1 183   1.66000000000E-001  9.75781955237E-019  0.00000000000E+000  6.43131356077E-004  9.19422658986E-006  7.96030450682E-007  5.11787672470E+002  7.31653305678E+000  6.33460906112E-001  1.74921298089E-001 -1.80455416416E-001 -1.79105653717E-001  3.41996951761E-003  1.66213182403E-004  1.00341186311E-003
1 1 184   1.68000000000E-001  1.30104260698E-018 -4.33680868994E-019  6.06816372380E-004  1.26070557969E-005 -3.66376213741E-007  4.82889126619E+002  1.00323762510E+001 -2.91552927574E-001  1.53559907209E-001 -1.58672140749E-001 -1.57521580638E-001  6.06274886355E-003  4.12180660628E-004 -3.08757700055E-004
1 1 185   1.70000000000E-001  1.19262238973E-018 -8.67361737988E-019  5.70501388684E-004  1.60198850039E-005 -1.52878287816E-006  4.53990580768E+002  1.27482194452E+001 -1.21656676126E+000  1.32198516330E-001 -1.36888865083E-001 -1.35937507558E-001  8.70552820949E-003  6.58148138853E-004 -1.62092726322E-003
1 1 186   1.72000000000E-001  0.00000000000E+000  0.00000000000E+000  5.49676670636E-004  1.49125749433E-005 -6.13820487810E-007  4.37418796670E+002  1.18670500958E+001 -4.88462824588E-001  1.23961334966E-001 -1.28268646869E-001 -1.27496908848E-001  8.01323217684E-003  6.01951690450E-004 -1.08358349776E-003
1 1 187   1.74000000000E-001 -1.62630325873E-019  4.33680868994E-019  5.29640184475E-004  1.35752547600E-005  4.06850130266E-007  4.21474267578E+002  1.08028445063E+001  3.23761047017E-001  1.16391987237E-001 -1.20318239093E-001 -1.19725124077E-001  7.15122874109E-003  5.30379441059E-004 -4.52126086151E-004
1 1 188   1.76000000000E-001 -4.87890977618E-019  0.00000000000E+000  5.09603698314E-004  1.22379345768E-005  1.42752074834E-006  4.05529738487E+002  9.73863891677E+000  1.13598491862E+000  1.08822639509E-001 -1.12367831317E-001 -1.11953339306E-001  6.28922530533E-003  4.58807191667E-004  1.79331325454E-004
1 1 189   1.78000000000E-001  9.21571846613E-019 -2.16840434497E-019  4.89567212153E-004  1.09006143935E-005  2.44819136642E-006  3.89585209395E+002  8.67443332724E+000  1.94820879023E+000  1.01253291781E-001 -1.04417423541E-001 -1.04181554535E-001  5.42722186958E-003  3.87234942276E-004  8.10788737059E-004
1 1 190   1.80000000000E-001  2.16840434497E-019  0.00000000000E+000  4.69530725992E-004  9.56329421026E-006  3.46886198449E-006  3.73640680303E+002  7.61022773772E+000  2.76043266183E+000  9.36839440523E-002 -9.64670157648E-002 -9.64097697647E-002  4.56521843382E-003  3.15662692885E-004  1.44224614866E-003
1 1 191   1.82000000000E-001 -2.68340037690E-018  2.16840434497E-019  4.49494239831E-004  8.22597402701E-006  4.48953260257E-006  3.57696151211E+002  6.54602214820E+000  3.57265653344E+000  8.61145963239E-002 -8.85166079887E-002 -8.86379849940E-002  3.70321499807E-003  2.44090443493E-004  2.07370356027E-003
1 1 192   1.84000000000E-001 -2.91379333855E-019  1.62630325873E-019  4.29457753670E-004  6.88865384375E-006  5.51020322064E-006  3.41751622119E+002  5.48181655867E+000  4.38488040504E+000  7.85452485955E-002 -8.05662002126E-002 -8.08662002233E-002  2.84121156231E-003  1.72518194102E-004  2.70516097187E-003
1 1 193   1.86000000000E-001 -3.04931861012E-019  5.42101086243E-019  4.08923939232E-004  4.86834225213E-006  5.41767957779E-006  3.25411331758E+002  3.87410367487E+000  4.31125242940E+000  7.08795954156E-002 -7.26969804984E-002 -7.29313584532E-002  1.57455534598E-003  8.30716780374E-005  2.59482625407E-003
1 1 194   1.88000000000E-001  6.23416249179E-019  0.00000000000E+000  3.87900656350E-004  2.17583332941E-006  4.22955472825E-006  3.08681534787E+002  1.73147315058E+000  3.36577271424E+000  6.31191588071E-002 -6.49076657403E-002 -6.48360366559E-002 -9.03584703688E-005 -2.39666176687E-005  1.75442277773E-003
1 1 195   1.90000000000E-001 -1.35525271561E-019  2.16840434497E-018  3.69822824875E-004  6.08240400950E-007  2.84693775845E-006  2.94295653571E+002  4.84022332550E-001  2.26552108725E+000  5.67169428422E-002 -5.83850899214E-002 -5.81585663211E-002 -1.11949859748E-003 -1.03940347927E-004  9.14200745387E-004
1 1 196   1.92000000000E-001  1.10114283143E-018 -3.25260651746E-019  3.59120457242E-004  1.85745756415E-006  9.77308985239E-007  2.85778980004E+002  1.47811776628E+000  7.77717780533E-001  5.37157360508E-002 -5.50344514256E-002 -5.50314218137E-002 -5.56649853452E-004 -1.16143914487E-004  7.44330521315E-005
1 1 197   1.94000000000E-001  5.42101086243E-019  2.72405795837E-018  3.46383744285E-004  3.63930987132E-006 -5.01951548067E-007  2.75643425863E+002  2.89607078062E+000 -3.99440350794E-001  4.96986675950E-002 -5.08547837840E-002 -5.09121738425E-002  4.07908344819E-004 -9.28056279256E-005 -4.74554922540E-004
1 1 198   1.96000000000E-001  1.30104260698E-018 -2.16840434497E-019  3.33337075370E-004  5.16729746541E-006 -1.26146767303E-006  2.65261216607E+002  4.11200467493E+000 -1.00384407971E+000  4.57413388586E-002 -4.68746508560E-002 -4.68343170305E-002  1.23269793768E-003 -6.34697073825E-005 -7.40819431256E-004
1 1 199   1.98000000000E-001 -4.33680868994E-019 -2.16840434497E-019  3.21607684955E-004  5.48510853521E-006 -6.90157391147E-007  2.55927264277E+002  4.36491068886E+000 -5.49209802190E-001  4.28357887406E-002 -4.41078218085E-002 -4.37731914888E-002  1.36093456296E-003 -4.78042763423E-005 -5.76393109320E-004
1 1 200   2.00000000000E-001  4.33680868994E-019  8.67361737988E-019  3.12519684094E-004  4.71499419176E-006 -4.45378884325E-007  2.48695262970E+002  3.75207316563E+000 -3.54421255350E-001  4.07130438034E-002 -4.19880644052E-002 -4.16210148282E-002  1.13765788935E-003 -3.89085862409E-005 -4.91725408467E-004
